MEMORY
  total            14.5 MB
  struct          159.0 KB
  buffer          316.2 KB
  arena            14.0 MB, used 0.4%

SIZES
  narena                14680064
  nbuffer               323808
  nplugin               0
  maxuse_stack          35184
  maxuse_arena          65664
  maxuse_con            10
  maxuse_efc            52
  solver_nisland        1
  ncon                  8
  ne                    7
  nf                    1
  nl                    3
  nefc                  43
  nJ                    602
  nisland               0
  threadpool            0

TIMER
    0:  duration =  2.2        number = 17
    1:  duration =  1.7        number = 17
    2:  duration =  0          number = 0
    3:  duration =  1.3        number = 17
    4:  duration =  0.11       number = 17
    5:  duration =  0.0073     number = 17
    6:  duration =  0.21       number = 17
    7:  duration =  0.54       number = 17
    8:  duration =  0.18       number = 17
    9:  duration =  0.049      number = 17
    10:  duration =  0.96       number = 17
    11:  duration =  0.11       number = 17
    12:  duration =  0.0013     number = 17
    13:  duration =  0.13       number = 17
    14:  duration =  0.56       number = 17

SOLVER STAT
  solver_nisland = 1
  solver_fwdinv =   0         0       
  ISLAND 0
    solver_niter = 1
    solver_nnz = 196
      0:  improvement =  1.2e-17     gradient =  5.2e-20     lineslope =  0       
          nactive = 27   nchange = 0   neval = 2   nupdate = 0

ENERGY =   0         0       

TIME =  76      

QPOS
  -0.00025 
   1.3e-06 
   2.7e-06 
  -0.00049 
  -0.58    
   0.00012 
  -1       
  -5.7e-05 
   0.54    
  -0.00043 
   9.5e-05 
   9.5e-05 
  -4.7e-24 
  -0.00075 

QVEL
  -2.9e-07 
  -2e-12   
  -2.5e-12 
  -2.3e-09 
   6.2e-07 
   6.6e-10 
   3e-07   
   6.9e-10 
   3.3e-08 
  -1.1e-09 
   4.5e-14 
  -3.4e-14 
   2.6e-37 
   1.2e-17 

QACC_WARMSTART
   1.5e-12 
  -1.5e-16 
  -4.1e-16 
  -6.4e-10 
  -3.2e-12 
   8.4e-11 
  -3.7e-13 
   1.8e-10 
  -3e-13   
  -4.1e-10 
  -1.6e-15 
  -1.6e-15 
   5.9e-21 
  -2.4e-15 

CTRL
   0       
   0       
   0       
   0       
   0       
   0       
   0       
   0       
   0       
   0       
   0       

QFRC_APPLIED
   0       
   0       
   0       
   0       
   0       
   0       
   0       
   0       
   0       
   0       
   0       
   0       
   0       
   0       

XFRC_APPLIED
   0         0         0         0         0         0       
   0         0         0         0         0         0       
   0         0         0         0         0         0       
   0         0         0         0         0         0       
   0         0         0         0         0         0       
   0         0         0         0         0         0       
   0         0         0         0         0         0       
   0         0         0         0         0         0       
   0         0         0         0         0         0       
   0         0         0         0         0         0       
   0         0         0         0         0         0       
   0         0         0         0         0         0       
   0         0         0         0         0         0       
   0         0         0         0         0         0       
   0         0         0         0         0         0       
   0         0         0         0         0         0       
   0         0         0         0         0         0       
   0         0         0         0         0         0       
   0         0         0         0         0         0       
   0         0         0         0         0         0       
   0         0         0         0         0         0       
   0         0         0         0         0         0       
   0         0         0         0         0         0       
   0         0         0         0         0         0       
   0         0         0         0         0         0       
   0         0         0         0         0         0       
   0         0         0         0         0         0       
   0         0         0         0         0         0       
   0         0         0         0         0         0       
   0         0         0         0         0         0       

EQ_ACTIVE             1 1

MOCAP_POS
   0         0         0       

MOCAP_QUAT
   1         0         0         0       

QACC
   1.5e-12 
  -1.5e-16 
  -4.1e-16 
  -6.4e-10 
  -3.2e-12 
   8.4e-11 
  -3.7e-13 
   1.8e-10 
  -3e-13   
  -4.1e-10 
  -1.6e-15 
  -1.6e-15 
   5.9e-21 
  -2.4e-15 

SENSOR
   0       
   0       

XPOS
   0         0         0       
  -1        -2         0       
  -1        -2         0       
  -0.78     -2.2       0.13    
  -0.78     -1.8       0.13    
  -1.2      -1.8       0.13    
  -1.2      -2.2       0.13    
  -0.8      -2         0.51    
  -0.8      -2         0.84    
  -0.8      -2         0.84    
  -0.97     -2         1.1     
  -0.9      -2         1.2     
  -0.81     -2         1.5     
  -0.81     -2         1.5     
  -0.72     -2         1.5     
  -0.71     -2         1.4     
  -0.71     -2         1.4     
  -0.71     -2         1.4     
   2         0         0       
   2         0         0       
   2         0         0.8     
   2         0         0.8     
   2        -0.83      0.8     
   2        -0.4       0.8     
   2        -0.1       1       
   1.9      -0.1       1       
   1        -0.5       0       
   1        -0.5       0       
   3        -0.5       0       
   0         0         0       

XQUAT
   1         0         0         0       
   1         0         0         0       
   1         0         0         1.4e-06 
   1         0         0         1.4e-06 
   1         0         0         1.4e-06 
   1         0         0         1.4e-06 
   1         0         0         1.4e-06 
   1         0         0         1.4e-06 
   1         0         0        -0.00025 
   0.68     -0.68     -0.2      -0.2     
   0.96     -8.8e-05  -0.28     -0.00018 
   0.69      0.69      0.16     -0.16    
   0.97      4.6e-06   0.23     -0.00022 
   0.71      0.71     -0.028     0.028   
   6.4e-05   1        -1.1e-07   0.039   
   0.015     0.92      0.38      0.036   
   0.015     0.92      0.38      0.036   
  -0.036     0.38     -0.92      0.015   
   1         0         0         0       
   1         0         0         0       
   0.71      0         0        -0.71    
   1         0         0        -2.4e-24 
   1         0         0        -2.4e-24 
   1         0         0        -2.4e-24 
   0.71     -0.00027  -0.00027  -0.71    
   0.5       0.5      -0.5      -0.5     
   1         0         0         0       
   1         0         0         0       
   1         0         0         0       
   1         0         0         0       

XMAT
   1         0         0         0         1         0         0         0         1       
   1         0         0         0         1         0         0         0         1       
   1        -2.7e-06   0         2.7e-06   1         0         0         0         1       
   1        -2.7e-06   0         2.7e-06   1         0         0         0         1       
   1        -2.7e-06   0         2.7e-06   1         0         0         0         1       
   1        -2.7e-06   0         2.7e-06   1         0         0         0         1       
   1        -2.7e-06   0         2.7e-06   1         0         0         0         1       
   1        -2.7e-06   0         2.7e-06   1         0         0         0         1       
   1         0.00049   0        -0.00049   1        -0        -0         0         1       
   0.84      0.54      0.00049  -0.00041  -0.00027   1         0.54     -0.84      8.3e-17 
   0.84      0.00039  -0.54     -0.00029   1         0.00027   0.54     -6.8e-05   0.84    
   0.9       0.44     -0.00039  -0.00038  -0.00011  -1        -0.44      0.9       6.8e-05 
   0.9       0.00044   0.44     -0.00043   1        -0.00011  -0.44     -9.3e-05   0.9     
   1        -0.079    -0.00044  -0.00043   0.00013  -1         0.079     1         9.3e-05 
   1        -5.2e-06   0.079     4.8e-06  -1        -0.00013   0.079     0.00013  -1       
   0.7       0.7       0.079     0.71     -0.71     -0.00013   0.056     0.056    -1       
   0.7       0.7       0.079     0.71     -0.71     -0.00013   0.056     0.056    -1       
  -0.7      -0.7       0.079    -0.71      0.71     -0.00013  -0.056    -0.056    -1       
   1         0         0         0         1         0         0         0         1       
   1         0         0         0         1         0         0         0         1       
   0.0008    1         0        -1         0.0008   -0        -0         0         1       
   1         4.7e-24   0        -4.7e-24   1        -0        -0         0         1       
   1         4.7e-24   0        -4.7e-24   1        -0        -0         0         1       
   1         4.7e-24   0        -4.7e-24   1        -0        -0         0         1       
   0.0008    1        -6e-07    -1         0.0008    0.00075   0.00075   0         1       
   0.0008   -6e-07    -1        -1         0.00075  -0.0008    0.00075   1         0       
   1         0         0         0         1         0         0         0         1       
   1         0         0         0         1         0         0         0         1       
   1         0         0         0         1         0         0         0         1       
   1         0         0         0         1         0         0         0         1       

XIPOS
   0         0         0       
  -2        -4         0       
  -1        -2         0.32    
  -0.78     -2.2       0.13    
  -0.78     -1.8       0.13    
  -1.2      -1.8       0.13    
  -1.2      -2.2       0.13    
  -0.84     -2         0.56    
  -0.8      -2         0.8     
  -0.82     -2         0.87    
  -0.91     -2         1.1     
  -0.9      -2         1.3     
  -0.84     -2         1.5     
  -0.75     -2         1.5     
  -0.7      -2         1.5     
  -0.72     -2         1.4     
  -0.71     -2         1.4     
  -0.71     -2         1.4     
   4         0         0       
   2         0         0       
   2        -0.3       0.8     
   2.3      -1.4e-24   0.8     
   2        -0.83      0.8     
   2        -0.4       0.8     
   2        -0.082     1       
   1.9      -0.1       1       
   2        -1         0       
   1        -0.5       0.019   
   3        -0.5       0       
   0         0         0       

XIMAT
   1         0         0         0         1         0         0         0         1       
   1         0         0         0         1         0         0         0         1       
  -0.00028  -0.0046    1         0.0015   -1        -0.0046    1         0.0015    0.00028 
  -2.7e-06  -1         0         1        -2.7e-06   0         0         0         1       
  -2.7e-06  -1         0         1        -2.7e-06   0         0         0         1       
  -2.7e-06  -1         0         1        -2.7e-06   0         0         0         1       
  -2.7e-06  -1         0         1        -2.7e-06   0         0         0         1       
   0.13      0.0028    0.99      0.019    -1         0.00032   0.99      0.019    -0.13    
   0.013    -1        -0.0098    1         0.013    -0.027     0.028    -0.0094    1       
   0.15     -0.52      0.84      0.82     -0.41     -0.4       0.55      0.75      0.37    
   0.086    -0.98     -0.2       0.93      0.0059    0.36     -0.35     -0.22      0.91    
   0.63     -0.78      0.047    -0.69     -0.59     -0.42      0.35      0.23     -0.91    
   0.79      0.23      0.57     -0.28      0.96      0.0036   -0.54     -0.16      0.82    
  -0.29     -0.05      0.96     -0.94     -0.17     -0.29      0.17     -0.98      0.0012  
   0.97      0.083     0.23      0.12     -0.98     -0.14      0.21      0.17     -0.96    
   0.7       0.7       0.079     0.71     -0.71     -0.00013   0.056     0.056    -1       
   0.7       0.7       0.079     0.71     -0.71     -0.00013   0.056     0.056    -1       
  -0.7      -0.7       0.079    -0.71      0.71     -0.00013  -0.056    -0.056    -1       
   1         0         0         0         1         0         0         0         1       
   1         0         0         0         1         0         0         0         1       
   1         0         0.0008    0.0008    0        -1         0         1         0       
   0         0         1         1         0         0         0         1         0       
   1         4.7e-24   0        -4.7e-24   1        -0        -0         0         1       
  -0.017    -1         0         1        -0.017     0         0         0         1       
   0.00054  -0.47     -0.88      0.00046   0.88     -0.47      1        -0.00015   0.00069 
   0.0008   -6e-07    -1        -1         0.00075  -0.0008    0.00075   1         0       
   1         0         0         0         1         0         0         0         1       
   1         0         0         0         1         0         0         0         1       
   1         0         0         0         1         0         0         0         1       
   1         0         0         0         1         0         0         0         1       

XANCHOR
  -1        -2         0       
  -1        -2         0       
  -1        -2         0       
  -0.8      -2         0.84    
  -0.8      -2         0.84    
  -0.97     -2         1.1     
  -0.9      -2         1.2     
  -0.81     -2         1.5     
  -0.81     -2         1.5     
  -0.72     -2         1.5     
  -0.71     -2         1.4     
  -0.71     -2         1.4     
   2        -0.83      0.8     
   2        -0.1       1       

XAXIS
   1         0         0       
   0         1         0       
   0         0         1       
   0         0         1       
   0.00049   1         3.3e-16 
  -0.54      0.00027   0.84    
  -0.00039  -1         6.8e-05 
   0.44     -0.00011   0.9     
  -0.00044  -1         9.3e-05 
   0.079    -0.00013  -1       
   0.7      -0.71      0.056   
  -0.7       0.71     -0.056   
   0         0         1       
   1         0.0008    0       

GEOM_XPOS
   0         0         0       
  -1        -2         0.32    
  -0.78     -2.2       0.13    
  -0.78     -1.8       0.13    
  -1.2      -1.8       0.13    
  -1.2      -2.2       0.13    
  -0.82     -1.9       0.55    
  -0.83     -1.9       0.55    
  -0.82     -2.1       0.57    
  -0.83     -2.1       0.57    
  -0.87     -2.1       0.56    
  -0.86     -1.9       0.55    
  -0.79     -2.1       0.56    
  -0.83     -2         0.56    
  -0.83     -2.1       0.54    
  -0.82     -2.1       0.54    
  -0.79     -1.9       0.56    
  -0.83     -2         0.57    
  -0.8      -2         0.78    
  -0.8      -2         0.77    
  -0.84     -2         0.9     
  -0.84     -2         0.9     
  -0.92     -2         1.1     
  -0.95     -2         1.1     
  -0.89     -2         1.1     
  -0.91     -1.9       1.1     
  -0.91     -2         1.1     
  -0.9      -2         1.2     
  -0.92     -2         1.2     
  -0.91     -2.1       1.2     
  -0.95     -2         1.2     
  -0.92     -2         1.2     
  -0.82     -1.9       1.5     
  -0.87     -1.9       1.4     
  -0.86     -2         1.4     
  -0.9      -2         1.3     
  -0.86     -1.9       1.4     
  -0.81     -1.9       1.5     
  -0.78     -2         1.5     
  -0.81     -2.1       1.5     
  -0.71     -2         1.6     
  -0.73     -2         1.6     
  -0.72     -2         1.6     
  -0.73     -2         1.6     
  -0.74     -2         1.6     
  -0.75     -2         1.6     
  -0.7      -2         1.6     
  -0.81     -2.1       1.5     
  -0.72     -2         1.6     
  -0.73     -2         1.6     
  -0.73     -2         1.6     
  -0.73     -2         1.6     
  -0.8      -2         1.5     
  -0.72     -2         1.6     
  -0.75     -2         1.5     
  -0.76     -2         1.5     
  -0.67     -2         1.5     
  -0.65     -2         1.5     
  -0.74     -2         1.5     
  -0.75     -2         1.5     
  -0.75     -2         1.5     
  -0.7      -2.1       1.5     
  -0.67     -2         1.5     
  -0.71     -2         1.5     
  -0.7      -2         1.5     
  -0.71     -2         1.4     
  -0.78     -1.9       1.4     
  -0.76     -2         1.5     
  -0.71     -2         1.4     
  -0.71     -2         1.4     
  -0.71     -2         1.4     
  -0.69     -2         1.4     
  -0.7      -2         1.3     
  -0.69     -2         1.4     
  -0.7      -2         1.3     
  -0.7      -2         1.3     
  -0.71     -2         1.3     
  -0.7      -2         1.3     
  -0.71     -2         1.3     
  -0.72     -2         1.4     
  -0.72     -2         1.4     
  -0.71     -2         1.3     
  -0.72     -2         1.4     
  -0.71     -2         1.3     
  -0.71     -2         1.3     
  -0.7      -2         1.3     
  -0.71     -2         1.3     
  -0.7      -2         1.3     
   2         0.05      0.8     
   2        -0.83      0.8     
   2        -0.83      0.8     
   2        -0.4       0.8     
   2        -0.1       1       
   1.9      -0.2       1       
   2.1       8e-05     1       
   1.9      -0.1       1       
   1        -0.5       0       
   1        -0.5       1       
   3        -0.5       0       

GEOM_XMAT
   1         0         0         0         1         0         0         0         1       
  -0.00028  -0.0046    1         0.0015   -1        -0.0046    1         0.0015    0.00028 
   1         0         2.7e-06   2.7e-06   0        -1         0         1         0       
   1         0         2.7e-06   2.7e-06   0        -1         0         1         0       
   1         0         2.7e-06   2.7e-06   0        -1         0         1         0       
   1         0         2.7e-06   2.7e-06   0        -1         0         1         0       
  -0.16     -0.63      0.76      0.99     -0.1       0.12      0.0009    0.77      0.64    
  -0.084     0.71      0.7       0.99      0.013     0.11      0.066     0.71     -0.7     
   0.99     -0.0056   -0.17     -0.17      0.0013   -0.99      0.0057    1         0.0004  
   0.28     -0.61      0.74      0.96      0.24     -0.16     -0.085     0.76      0.65    
   0.16     -0.99      0.032     0.99      0.16      0.0071   -0.012     0.03      1       
  -0.16      0.18      0.97      0.99      0.029     0.16      0         0.98     -0.18    
   0.16     -0.98     -0.12      0.99      0.16      0.022    -0.0026   -0.12      0.99    
  -0.42      0.0024    0.91     -0.0015   -1         0.0019    0.91     -0.00057   0.42    
   0.014    -0.99     -0.14     -0.0066    0.14     -0.99      1         0.015    -0.0045  
   0.99     -0.0078   -0.15     -0.15      0.027    -0.99      0.012     1         0.025   
  -0.16     -0.98     -0.12      0.99     -0.16     -0.022     0.0025   -0.12      0.99    
  -0.36      0.0082    0.93      0.022    -1         0.017     0.93      0.027     0.36    
   1         0.00086  -0.0002   -0.00087   0.93     -0.37     -0.00014   0.37      0.93    
   1        -0.00026  -0.00025   0.00016   0.94     -0.34      0.00032   0.34      0.94    
   0.84     -0.2      -0.51     -2.2e-05   0.93     -0.37      0.54      0.31      0.78    
   0.84     -0.18     -0.51     -0.00045   0.94     -0.34      0.54      0.28      0.79    
  -0.97     -0.095     0.22      0.18     -0.9       0.39      0.16      0.42      0.89    
  -0.44     -0.83      0.34     -0.49     -0.098    -0.87      0.75     -0.55     -0.36    
  -0.59     -0.6      -0.54      0.71     -0.7      -0.0043   -0.38     -0.39      0.84    
  -0.025    -0.95      0.33      1         0.0022    0.084    -0.08      0.33      0.94    
  -0.96     -0.21      0.2       0.28     -0.88      0.38      0.1       0.42      0.9     
  -0.63     -0.64     -0.44     -0.71      0.7       0.0053    0.3       0.31     -0.9     
   0.93      0.2       0.31      0.32     -0.86     -0.39      0.19      0.46     -0.87    
  -0.036    -0.9       0.43     -1        -0.0011   -0.084     0.076    -0.44     -0.9     
   0.35     -0.89     -0.3      -0.49      0.098    -0.87      0.8       0.45     -0.4     
   0.92      0.25      0.3       0.35     -0.86     -0.38      0.16      0.45     -0.88    
  -0.018    -0.9       0.44      1         0.0042    0.05     -0.047     0.44      0.9     
  -0.18     -0.83      0.52      0.98     -0.098     0.19     -0.1       0.55      0.83    
   0.9      -0.12      0.42     -0.00037   0.96      0.27     -0.44     -0.25      0.86    
   0.18     -0.93     -0.33     -0.59      0.16     -0.79      0.79      0.34     -0.52    
  -0.1      -0.9       0.43      0.97      0.0057    0.24     -0.22      0.44      0.87    
   0.9       0.4       0.17      0.0048    0.38     -0.92     -0.44      0.83      0.34    
  -0.044    -0.42      0.91     -1        -0.0089   -0.053     0.03     -0.91     -0.42    
  -0.1      -0.99     -0.13     -0.99      0.1       0.021    -0.0083    0.13     -0.99    
   0.15     -0.15      0.98     -0.0099   -0.99     -0.15      0.99      0.013    -0.15    
   1        -0.079    -0.00044  -0.00043   0.00013  -1         0.079     1         9.3e-05 
  -0.079    -0.00044   1         0.00013  -1        -0.00043   1         9.3e-05   0.079   
   1        -0.079    -0.00044  -0.00043   0.00013  -1         0.079     1         9.3e-05 
  -0.079    -0.00044   1         0.00013  -1        -0.00043   1         9.3e-05   0.079   
   1        -0.079    -0.00044  -0.00043   0.00013  -1         0.079     1         9.3e-05 
   1        -0.079    -0.00044  -0.00043   0.00013  -1         0.079     1         9.3e-05 
  -0.1       0.066     0.99     -0.99      0.0011   -0.1      -0.0079   -1         0.066   
   0.14      0.029     0.99     -0.00056  -1         0.03      0.99     -0.0047   -0.14    
   0.096    -1        -0.00044   5e-05     0.00045  -1         1         0.096     9.3e-05 
   1        -0.079    -0.00044  -0.00043   0.00013  -1         0.079     1         9.3e-05 
   1        -0.079    -0.00044  -0.00043   0.00013  -1         0.079     1         9.3e-05 
  -0.1       0.09      0.99     -0.99     -0.003    -0.1      -0.006    -1         0.09    
   0.14     -0.026     0.99      8.6e-05  -1        -0.026     0.99      0.0038   -0.14    
   0.25      0.071     0.97     -0.97     -0.05      0.25      0.066    -1         0.056   
   0.14      0.21      0.97     -0.99      0.011     0.14      0.018    -0.98      0.2     
  -0.074    -0.72      0.69      0.15      0.68      0.72     -0.99      0.16      0.058   
   0.76     -0.07     -0.64      0.65      0.18      0.74      0.062    -0.98      0.18    
  -0.014    -0.71     -0.71     -0.072    -0.7       0.71     -1         0.06     -0.041   
   0.71     -0.7       0.079    -0.71     -0.71     -0.00013   0.056    -0.056    -1       
   0.71     -0.7       0.079    -0.71     -0.71     -0.00013   0.056    -0.056    -1       
  -0.64     -0.1       0.76     -0.76      0.15     -0.63     -0.048    -0.98     -0.17    
  -0.12     -0.7       0.7       0.2       0.68      0.71     -0.97      0.22      0.057   
   0.079    -0.0026    1         0.003     1         0.0024   -1         0.0028    0.079   
   0.041    -0.71     -0.71      0.038    -0.71      0.71     -1        -0.056    -0.0022  
   0.079    -0.7      -0.7      -0.00014  -0.71      0.71     -1        -0.056    -0.056   
   0.7       0.69     -0.18      0.71     -0.66      0.25      0.056    -0.3      -0.95    
   0.65      0.29     -0.7       0.67      0.22      0.71      0.36     -0.93     -0.057   
   0.7       0.087    -0.7       0.71     -0.0079    0.71      0.056    -1        -0.067   
   0.078    -0.66      0.75      0.00031   0.75      0.66     -1        -0.051     0.059   
   0.7       0.06     -0.71      0.71      0.018     0.71      0.055    -1        -0.03    
   0.71     -0.71      0.025    -0.71     -0.71      0.054    -0.021    -0.056    -1       
   0.71     -0.1       0.7      -0.71     -0.19      0.68      0.059    -0.98     -0.2     
   0.71     -0.71      0.025    -0.71     -0.71      0.054    -0.021    -0.056    -1       
   0.7       0.7       0.079     0.71     -0.71     -0.00013   0.056     0.056    -1       
   0.7       0.7       0.079     0.71     -0.71     -0.00013   0.056     0.056    -1       
   0.7       0.7       0.079     0.71     -0.71     -0.00013   0.056     0.056    -1       
   0.7       0.7       0.079     0.71     -0.71     -0.00013   0.056     0.056    -1       
   0.7       0.7       0.079     0.71     -0.71     -0.00013   0.056     0.056    -1       
  -0.7       0.71      0.13      0.71      0.71     -0.054    -0.13      0.055    -0.99    
  -0.7       0.71      0.13      0.71      0.71     -0.054    -0.13      0.055    -0.99    
  -0.71      0.26     -0.66      0.71      0.19     -0.68     -0.053    -0.95     -0.31    
  -0.7       0.71      0.13      0.71      0.71     -0.054    -0.13      0.055    -0.99    
  -0.7      -0.7       0.079    -0.71      0.71     -0.00013  -0.056    -0.056    -1       
  -0.7      -0.7       0.079    -0.71      0.71     -0.00013  -0.056    -0.056    -1       
  -0.7      -0.7       0.079    -0.71      0.71     -0.00013  -0.056    -0.056    -1       
  -0.7      -0.7       0.079    -0.71      0.71     -0.00013  -0.056    -0.056    -1       
  -0.7      -0.7       0.079    -0.71      0.71     -0.00013  -0.056    -0.056    -1       
   0.0008    1         0        -1         0.0008   -0        -0         0         1       
   1         4.7e-24   0        -4.7e-24   1        -0        -0         0         1       
   1         4.7e-24   0        -4.7e-24   1        -0        -0         0         1       
   1         4.7e-24   0        -4.7e-24   1        -0        -0         0         1       
   0.0008    0.0008   -1        -1         0.00075  -0.0008    0.00075   1         0.0008  
   1.2e-06   1         0.0008   -0.0015    0.0008   -1        -1         5.6e-17   0.0015  
   1.2e-06   1         0.0008   -0.0015    0.0008   -1        -1         5.6e-17   0.0015  
   0.0008   -6e-07    -1        -1         0.00075  -0.0008    0.00075   1         0       
   1         0         0         0         1         0         0         0         1       
   1         0         0         0         1         0         0         0         1       
   1         0         0         0         1         0         0         0         1       

SITE_XPOS
  -0.71     -2         1.4     
  -0.7      -2         1.3     
  -0.7      -2         1.3     
   2         0        -0.3     
   2         0         0.3     
   2.3       0         0       
   0         0         0.075   
   0         0.075     0       
   0.075     0         0       

SITE_XMAT
   0.7       0.7       0.079     0.71     -0.71     -0.00013   0.056     0.056    -1       
   0.7       0.7       0.079     0.71     -0.71     -0.00013   0.056     0.056    -1       
  -0.7      -0.7       0.079    -0.71      0.71     -0.00013  -0.056    -0.056    -1       
   1         0         0         0         1         0         0         0         1       
   1         0         0         0         1         0         0         0         1       
   1         0         0         0         1         0         0         0         1       
   1         0         0         0         1         0         0         0         1       
   1         0         0         0         1         0         0         0         1       
   1         0         0         0         1         0         0         0         1       

CAM_XPOS
  -0.3       0         1.5     
  -0.75     -2         1.5     
  -0.68     -2         1.5     

CAM_XMAT
   0.71     -0        -0.71      0         1        -0         0.71      0         0.71    
   0.7      -0.7      -0.079     0.71      0.71      0.00013   0.056    -0.056     1       
   0.7      -0.7      -0.079     0.71      0.71      0.00013   0.056    -0.056     1       

LIGHT_XPOS
   0         0         0       
  -8         0         4       
   1         1         3       
   1        -2         5       

LIGHT_XDIR
   0         0        -1       
   0.89      0        -0.45    
   0.95     -0.095    -0.29    
   0.82     -0.41     -0.41    

SUBTREE_COM
  -1        -2         0.13    
  -1        -2         0.13    
  -1        -2         0.13    
  -0.78     -2.2       0.13    
  -0.78     -1.8       0.13    
  -1.2      -1.8       0.13    
  -1.2      -2.2       0.13    
  -0.83     -2         1.1     
  -0.83     -2         1.1     
  -0.85     -2         1.3     
  -0.85     -2         1.3     
  -0.82     -2         1.4     
  -0.76     -2         1.5     
  -0.73     -2         1.5     
  -0.71     -2         1.4     
  -0.72     -2         1.4     
  -0.71     -2         1.4     
  -0.71     -2         1.4     
   2.1      -0.17      0.83    
   2.1      -0.17      0.83    
   2        -0.3       0.8     
   2.2      -0.094     0.85    
   2        -0.83      0.8     
   2        -0.21      0.92    
   2        -0.082     1       
   1.9      -0.1       1       
   1        -0.5       0.019   
   1        -0.5       0.019   
   3        -0.5       0       
   0         0         0       

CDOF
   0         0         0         1         0         0       
   0         0         0         0         1         0       
   0         0         1        -4e-08     2.5e-06   0       
   0         0         1         5e-07    -0.2       0       
   0.00049   1         3.3e-16  -0.72      0.00035   0.2     
  -0.54      0.00027   0.84     -0.00019  -0.56      5.4e-05 
  -0.00039  -1         6.8e-05   1        -0.0004   -0.097   
   0.44     -0.00011   0.9       0.0002    0.45     -4.3e-05 
  -0.00044  -1         9.3e-05   1.4      -0.00064  -0.19    
   0.079    -0.00013  -1         0.00017   0.39     -3.7e-05 
   0         0         0         0.7      -0.71      0.056   
   0         0         0        -0.7       0.71     -0.056   
   0         0         1        -0.66      0.11      0       
   1         0.0008    0        -0.00013   0.17     -0.068   

CINERT
   0         0         0         0         0         0         0         0         0         0       
   0         0         0         0         0         0        -0        -0        -0         0       
   9.7       12        7.8       0.012    -0.012     0.012     0.057    -0.059     26        1.3e+02 
   1.3e+04   1.5e+04   2.7e+04   1.4e+04   2.4      -2.2       6.7e+04  -6.1e+04  -11        3e+05   
   1.3e+04   1.5e+04   2.7e+04  -1.4e+04   2.4       2.2       6.7e+04   6.1e+04  -11        3e+05   
   1.3e+04   1.5e+04   2.7e+04   1.4e+04  -2.4       2.2      -6.7e+04   6.1e+04  -11        3e+05   
   1.3e+04   1.5e+04   2.7e+04  -1.4e+04  -2.4      -2.2      -6.7e+04  -6.1e+04  -11        3e+05   
   0.12      0.14      0.02      1.5e-05  -0.043     4.6e-05   0.1      -8.8e-05   0.27      0.63    
   2.9       3.1       0.22     -0.0022   -0.67      0.012     1         0.01      3.3       5       
   0.36      0.4       0.047     0.0086   -0.094     0.0033    0.12      0.0023    0.48      0.65    
   2.9       2.9       0.038    -0.0081   -0.26     -0.13      0.28      0.13      3         3.2     
   4.7       4.7       0.05      0.0068   -0.39      0.1       0.34     -0.098     4.1       3.6     
   2.4       2.4       0.053    -0.01     -0.29     -0.068     0.2       0.05      1.7       1.2     
   3.3       3.4       0.11     -0.0033   -0.59     -0.025     0.42      0.018     2.3       1.7     
   1.4       1.4       0.069    -0.00044  -0.29     -0.0049    0.22      0.0031    1         0.74    
   1.2       1.3       0.061     0.00072  -0.26      0.0065    0.21     -0.0052    0.93      0.73    
   0.023     0.025     0.0013    3.3e-07  -0.0055    1.4e-06   0.0044   -1.1e-06   0.019     0.015   
   0.023     0.025     0.0013   -2.6e-07  -0.0055   -1.1e-06   0.0044    8.7e-07   0.019     0.015   
   0         0         0         0         0         0         0         0        -0         0       
   0         0         0         0         0         0        -0         0        -0         0       
   1.1       0.28      1        -0.12     -0.029    -0.034    -0.89     -1        -0.26      7.9     
   0.4       1.2       1.3      -0.25      0.048     0.043     1.5       1.3      -0.26      7.9     
   0.015     0.00048   0.015    -0.0025   -0.00012  -0.00072  -0.0038   -0.022    -0.0011    0.034   
   0.19      0.11      0.19     -0.049    -0.0067   -0.019    -0.21     -0.57     -0.079     2.4     
   0.14      0.17      0.11      0.018     0.059    -0.051    -0.35      0.3       0.59      3.5     
   0.00014   0.00041   0.00031   7.5e-05   0.00019  -4.8e-05  -0.0011    0.00029   0.0007    0.0042  
   0         0         0         0         0         0         0        -0        -0         0       
   15        15        0.0087    0         0         0         0         0         0         14      
   1.1e+03   1.1e+03   25        0         0         0         0         0         0         7.9e+02 
   0         0         0         0         0         0         0         0         0         0       

TEN_LENGTH
   9.5e-05 

TEN_MOMENT
   0         0         0         0         0         0         0         0         0         0         0.5       0.5       0         0       

TENDON 0: 0 wrap points

ACTUATOR_LENGTH
  -0.00025 
   1.3e-06 
   2.7e-06 
  -0.00049 
  -0.58    
   0.00012 
  -1       
  -5.7e-05 
   0.54    
  -0.00043 
   9.5e-05 

actuator_moment
----------------
 x              |
  x             |
   x            |
    x           |
     x          |
      x         |
       x        |
        x       |
         x      |
          x     |
           xx   |
----------------

ACTUATOR_MOMENT
    0:  1       
    1:  1       
    2:  1       
    3:  1       
    4:  1       
    5:  1       
    6:  1       
    7:  1       
    8:  1       
    9:  1       
    10:  0.5       11:  0.5     

CRB
   0         0         0         0         0         0         0         0         0         0       
   5e+04     5.9e+04   1.1e+05  -0.021    -2.9      -0.093    -2e-10     0        -8.2e-12   1.2e+06 
   5e+04     5.9e+04   1.1e+05  -0.021    -2.9      -0.093    -2e-10     0        -8.2e-12   1.2e+06 
   1.3e+04   1.5e+04   2.7e+04   1.4e+04   2.4      -2.2       6.7e+04  -6.1e+04  -11        3e+05   
   1.3e+04   1.5e+04   2.7e+04  -1.4e+04   2.4       2.2       6.7e+04   6.1e+04  -11        3e+05   
   1.3e+04   1.5e+04   2.7e+04   1.4e+04  -2.4       2.2      -6.7e+04   6.1e+04  -11        3e+05   
   1.3e+04   1.5e+04   2.7e+04  -1.4e+04  -2.4      -2.2      -6.7e+04  -6.1e+04  -11        3e+05   
   19        20        0.67     -0.0081   -2.9      -0.1       2.9       0.11      17        17      
   19        20        0.65     -0.0081   -2.9      -0.1       2.8       0.11      17        17      
   16        17        0.43     -0.0059   -2.2      -0.12      1.8       0.097     14        12      
   16        16        0.38     -0.014    -2.1      -0.12      1.7       0.095     13        11      
   13        13        0.35     -0.0063   -1.8       0.012     1.4      -0.032     10        8       
   8.2       8.5       0.3      -0.013    -1.5      -0.092     1.1       0.066     6         4.4     
   5.9       6.1       0.24     -0.003    -1.2      -0.023     0.86      0.016     4.3       3.2     
   2.6       2.7       0.13      0.00028  -0.57      0.0016    0.43     -0.002     2         1.5     
   1.2       1.3       0.063     0.00072  -0.28      0.0065    0.22     -0.0052    0.97      0.76    
   0.023     0.025     0.0013    3.3e-07  -0.0055    1.4e-06   0.0044   -1.1e-06   0.019     0.015   
   0.023     0.025     0.0013   -2.6e-07  -0.0055   -1.1e-06   0.0044    8.7e-07   0.019     0.015   
   1.8       1.8       2.6      -0.4       0.071    -0.061     8.3e-15   2.2e-16   1.3e-15   22      
   1.8       1.8       2.6      -0.4       0.071    -0.061     8.3e-15   2.2e-16   1.3e-15   22      
   1.1       0.28      1        -0.12     -0.029    -0.034    -0.89     -1        -0.26      7.9     
   0.74      1.5       1.6      -0.28      0.1      -0.027     0.89      1         0.26      14      
   0.015     0.00048   0.015    -0.0025   -0.00012  -0.00072  -0.0038   -0.022    -0.0011    0.034   
   0.33      0.28      0.3      -0.03      0.053    -0.069    -0.56     -0.26      0.51      6       
   0.14      0.17      0.11      0.018     0.06     -0.051    -0.36      0.3       0.59      3.5     
   0.00014   0.00041   0.00031   7.5e-05   0.00019  -4.8e-05  -0.0011    0.00029   0.0007    0.0042  
   15        15        0.0087    0         0         0         0         0         0         14      
   15        15        0.0087    0         0         0         0         0         0         14      
   1.1e+03   1.1e+03   25        0         0         0         0         0         0         7.9e+02 
   0         0         0         0         0         0         0         0         0         0       

QM
   1.2e+06   0        -0.048    -0.11      5.1      -0.078    -1.9      -0.059     0.15     -0.002     0.011    -0.011     0         0       
   0         1.2e+06   3        -0.55     -0.0025    2.3       0.00078   0.28     -4.5e-05  -0.0026   -0.011     0.011     0         0       
  -0.048     3         1.1e+05   0.085    -0.048     0.53      0.021     0.1       0.0013   -0.0075   -0.0031    0.0031    0         0       
  -0.11     -0.55      0.085     1.2      -0.047     0.065     0.021     0.045     0.0014   -0.0069   -0.00099   0.00099   0         0       
   5.1      -0.0025   -0.048    -0.047     3.9      -0.046    -1.3      -0.04      0.056    -0.00015   0.0056   -0.0056    0         0       
  -0.078     2.3       0.53      0.065    -0.046     1.8       0.012     0.13      0.0011   -0.0066   -0.0039    0.0039    0         0       
  -1.9       0.00078   0.021     0.021    -1.3       0.012     1.7       0.024     0.018    -0.0005   -0.0022    0.0022    0         0       
  -0.059     0.28      0.1       0.045    -0.04      0.13      0.024     1.1       0.0012   -0.0064   -0.0017    0.0017    0         0       
   0.15     -4.5e-05   0.0013    0.0014    0.056     0.0011    0.018     0.0012    1.1      -0.0013    0.0018   -0.0018    0         0       
  -0.002    -0.0026   -0.0075   -0.0069   -0.00015  -0.0066   -0.0005   -0.0064   -0.0013    1        -1.7e-18   8.7e-19   0         0       
   0.011    -0.011    -0.0031   -0.00099   0.0056   -0.0039   -0.0022   -0.0017    0.0018   -1.7e-18   1         0         0         0       
  -0.011     0.011     0.0031    0.00099  -0.0056    0.0039    0.0022    0.0017   -0.0018    8.7e-19   0         1         0         0       
   0         0         0         0         0         0         0         0         0         0         0         0         9.4       2.3e-05 
   0         0         0         0         0         0         0         0         0         0         0         0         2.3e-05   0.019   

QLD
   1.2e+06   2.7e-09   2.1e-07  -0.036     1.2      -0.034    -1.1      -0.056     0.15     -0.002     0.01     -0.01      0         0       
   2.7e-09   1.2e+06   2.1e-05  -0.53      0.016     1.3      -0.0032    0.26     -1.1e-05  -0.0026   -0.01      0.01      0         0       
   2.1e-07   2.1e-05   1.1e+05   0.053    -0.007     0.28      0.011     0.095     0.0013   -0.0074   -0.0031    0.0031    0         0       
  -0.036    -0.53      0.053     1.2      -0.01      0.033     0.011     0.043     0.0013   -0.0069   -0.00098   0.00098   0         0       
   1.2       0.016    -0.007    -0.01      3        -0.019    -0.73     -0.038     0.053    -0.00015   0.0055   -0.0055    0         0       
  -0.034     1.3       0.28      0.033    -0.019     1.8       0.0053    0.12      0.0011   -0.0065   -0.0038    0.0038    0         0       
  -1.1      -0.0032    0.011     0.011    -0.73      0.0053    1.7       0.023     0.017    -0.00049  -0.0022    0.0022    0         0       
  -0.056     0.26      0.095     0.043    -0.038     0.12      0.023     1.1       0.0012   -0.0064   -0.0017    0.0017    0         0       
   0.15     -1.1e-05   0.0013    0.0013    0.053     0.0011    0.017     0.0012    1.1      -0.0012    0.0017   -0.0017    0         0       
  -0.002    -0.0026   -0.0074   -0.0069   -0.00015  -0.0065   -0.00049  -0.0064   -0.0012    1        -1.7e-18   8.5e-19   0         0       
   0.01     -0.01     -0.0031   -0.00098   0.0055   -0.0038   -0.0022   -0.0017    0.0017   -1.7e-18   1         0         0         0       
  -0.01      0.01      0.0031    0.00098  -0.0055    0.0038    0.0022    0.0017   -0.0017    8.5e-19   0         1         0         0       
   0         0         0         0         0         0         0         0         0         0         0         0         9.4       0.0012  
   0         0         0         0         0         0         0         0         0         0         0         0         0.0012    0.019   

QLDIAGINV
   8.3e-07 
   8.3e-07 
   9.1e-06 
   0.84    
   0.34    
   0.55    
   0.58    
   0.95    
   0.95    
   0.99    
   0.99    
   0.99    
   0.11    
   53      

QLDIAGSQRTINV
   0.00091 
   0.00091 
   0.003   
   0.92    
   0.58    
   0.74    
   0.76    
   0.97    
   0.97    
   1       
   0.99    
   0.99    
   0.33    
   7.3     

B: body-dof matrix
----------------
 xxxxxxxxxxxxxx |
 xxxxxxxxxxxx   |
 xxxxxxxxxxxx   |
 xxx            |
 xxx            |
 xxx            |
 xxx            |
 xxxxxxxxxxxx   |
 xxxxxxxxxxxx   |
 xxxxxxxxxxxx   |
 xxxxxxxxxxxx   |
 xxxxxxxxxxxx   |
 xxxxxxxxxxxx   |
 xxxxxxxxxxxx   |
 xxxxxxxxxxxx   |
 xxxxxxxxxxxx   |
 xxxxxxxxxxx    |
 xxxxxxxxxx x   |
             xx |
             xx |
                |
             xx |
             x  |
             xx |
             xx |
             xx |
                |
                |
                |
                |
----------------

B_rownnz              14 12 12 3 3 3 3 12 12 12 12 12 12 12 12 12 11 11 2 2 0 2 1 2 2 2 0 0 0 0

B_rowadr              0 14 26 38 41 44 47 50 62 74 86 98 110 122 134 146 158 169 180 182 184 184 186 187 189 191 193 193 193 193

B_colind              0 1 2 3 4 5 6 7 8 9 10 11 12 13 0 1 2 3 4 5 6 7 8 9 10 11 0 1 2 3 4 5 6 7 8 9 10 11 0 1 2 0 1 2 0 1 2 0 1 2 0 1 2 3 4 5 6 7 8 9 10 11 0 1 2 3 4 5 6 7 8 9 10 11 0 1 2 3 4 5 6 7 8 9 10 11 0 1 2 3 4 5 6 7 8 9 10 11 0 1 2 3 4 5 6 7 8 9 10 11 0 1 2 3 4 5 6 7 8 9 10 11 0 1 2 3 4 5 6 7 8 9 10 11 0 1 2 3 4 5 6 7 8 9 10 11 0 1 2 3 4 5 6 7 8 9 10 11 0 1 2 3 4 5 6 7 8 9 10 0 1 2 3 4 5 6 7 8 9 11 12 13 12 13 12 13 12 12 13 12 13 12 13

C: reduced dof-dof matrix
----------------
 xxxxxxxxxxxx   |
 xxxxxxxxxxxx   |
 xxxxxxxxxxxx   |
 xxxxxxxxxxxx   |
 xxxxxxxxxxxx   |
 xxxxxxxxxxxx   |
 xxxxxxxxxxxx   |
 xxxxxxxxxxxx   |
 xxxxxxxxxxxx   |
 xxxxxxxxxxxx   |
 xxxxxxxxxxx    |
 xxxxxxxxxx x   |
             xx |
             xx |
----------------

C_rownnz              12 12 12 12 12 12 12 12 12 12 11 11 2 2

C_rowadr              0 12 24 36 48 60 72 84 96 108 120 131 142 144

C_colind              0 1 2 3 4 5 6 7 8 9 10 11 0 1 2 3 4 5 6 7 8 9 10 11 0 1 2 3 4 5 6 7 8 9 10 11 0 1 2 3 4 5 6 7 8 9 10 11 0 1 2 3 4 5 6 7 8 9 10 11 0 1 2 3 4 5 6 7 8 9 10 11 0 1 2 3 4 5 6 7 8 9 10 11 0 1 2 3 4 5 6 7 8 9 10 11 0 1 2 3 4 5 6 7 8 9 10 11 0 1 2 3 4 5 6 7 8 9 10 11 0 1 2 3 4 5 6 7 8 9 10 0 1 2 3 4 5 6 7 8 9 11 12 13 12 13

mapM2C                0 2 5 9 14 20 27 35 44 54 65 76 2 1 4 8 13 19 26 34 43 53 64 75 5 4 3 7 12 18 25 33 42 52 63 74 9 8 7 6 11 17 24 32 41 51 62 73 14 13 12 11 10 16 23 31 40 50 61 72 20 19 18 17 16 15 22 30 39 49 60 71 27 26 25 24 23 22 21 29 38 48 59 70 35 34 33 32 31 30 29 28 37 47 58 69 44 43 42 41 40 39 38 37 36 46 57 68 54 53 52 51 50 49 48 47 46 45 56 67 65 64 63 62 61 60 59 58 57 56 55 76 75 74 73 72 71 70 69 68 67 66 77 79 79 78

D: dof-dof matrix
----------------
 xxxxxxxxxxxx   |
 xxxxxxxxxxxx   |
 xxxxxxxxxxxx   |
 xxxxxxxxxxxx   |
 xxxxxxxxxxxx   |
 xxxxxxxxxxxx   |
 xxxxxxxxxxxx   |
 xxxxxxxxxxxx   |
 xxxxxxxxxxxx   |
 xxxxxxxxxxxx   |
 xxxxxxxxxxx    |
 xxxxxxxxxx x   |
             xx |
             xx |
----------------

D_rownnz              12 12 12 12 12 12 12 12 12 12 11 11 2 2

D_rowadr              0 12 24 36 48 60 72 84 96 108 120 131 142 144

D_colind              0 1 2 3 4 5 6 7 8 9 10 11 0 1 2 3 4 5 6 7 8 9 10 11 0 1 2 3 4 5 6 7 8 9 10 11 0 1 2 3 4 5 6 7 8 9 10 11 0 1 2 3 4 5 6 7 8 9 10 11 0 1 2 3 4 5 6 7 8 9 10 11 0 1 2 3 4 5 6 7 8 9 10 11 0 1 2 3 4 5 6 7 8 9 10 11 0 1 2 3 4 5 6 7 8 9 10 11 0 1 2 3 4 5 6 7 8 9 10 11 0 1 2 3 4 5 6 7 8 9 10 0 1 2 3 4 5 6 7 8 9 11 12 13 12 13

mapM2D                0 2 5 9 14 20 27 35 44 54 65 76 2 1 4 8 13 19 26 34 43 53 64 75 5 4 3 7 12 18 25 33 42 52 63 74 9 8 7 6 11 17 24 32 41 51 62 73 14 13 12 11 10 16 23 31 40 50 61 72 20 19 18 17 16 15 22 30 39 49 60 71 27 26 25 24 23 22 21 29 38 48 59 70 35 34 33 32 31 30 29 28 37 47 58 69 44 43 42 41 40 39 38 37 36 46 57 68 54 53 52 51 50 49 48 47 46 45 56 67 65 64 63 62 61 60 59 58 57 56 55 76 75 74 73 72 71 70 69 68 67 66 77 79 79 78

mapD2M                0 13 12 26 25 24 39 38 37 36 52 51 50 49 48 65 64 63 62 61 60 78 77 76 75 74 73 72 91 90 89 88 87 86 85 84 104 103 102 101 100 99 98 97 96 117 116 115 114 113 112 111 110 109 108 130 129 128 127 126 125 124 123 122 121 120 141 140 139 138 137 136 135 134 133 132 131 142 145 144

QDERIV
  -2e+04     0         3.3e-09   3.3e-09  -1.1e-06   5.6e-08  -3.8e-07  -1.9e-08  -1.4e-07   9.2e-11  -4.8e-10   4.8e-10   0         0       
   0        -2e+04    -5.2e-06  -5.2e-06   2.4e-08   7.3e-07  -6.8e-09  -2.1e-09   4e-10    -8e-14     4.3e-13  -4.3e-13   0         0       
   2.7e-23   1.5e-17  -2e+04    -8.8e-07   2.7e-08   1.1e-07   4.6e-09   3.5e-09   1.2e-10   2.1e-10   8.9e-14  -1.5e-13   0         0       
   1.3e-25  -5.2e-23   1.6e-07  -1         2.2e-08  -3.4e-08   5.9e-09   4e-09     4e-11     2.1e-10   3.3e-15  -6.7e-14   0         0       
  -2.6e-23   1.5e-26   2.6e-09   2.6e-09  -1         2.6e-08  -2.4e-07  -1.3e-08  -9.7e-08  -6.5e-11  -8.2e-10   8.2e-10   0         0       
   1e-25    -2.7e-24  -1.3e-06  -1.3e-06  -1.3e-08  -1         9.7e-09   7.7e-09   5.4e-10  -1.2e-09   1.6e-13   2.3e-13   0         0       
   1.8e-30   8.8e-28  -7.8e-10  -7.8e-10   4.9e-07  -2.1e-08  -1         3.1e-09   6.2e-08  -2.5e-11   1.3e-09  -1.3e-09   0         0       
   2.4e-26   3.3e-23  -1.6e-07  -1.6e-07   2.2e-08   3.7e-09  -3.2e-09  -1        -2.8e-10   1.3e-09  -2.6e-13  -1.5e-13   0         0       
   7.7e-32   5.1e-27   2.5e-11   2.5e-11   1.4e-07  -9.8e-10  -7e-08     3.2e-10  -1         1.2e-10   5.3e-10  -5.3e-10   0         0       
  -8.3e-28   8.1e-24   1.2e-09   1.2e-09   1.5e-10   3.6e-09   4.7e-11  -1.5e-09  -1.2e-10  -1         4.6e-17   4.6e-17   0         0       
   0         0         5.7e-09   5.7e-09   3.3e-10  -3.9e-10  -1.4e-09   6.4e-11  -5.4e-10  -4.6e-17  -0.3       0         0         0       
   0         0        -5.7e-09  -5.7e-09  -3.3e-10   3.9e-10   1.4e-09  -6.4e-11   5.4e-10  -4.6e-17   0        -0.3       0         0       
   0         0         0         0         0         0         0         0         0         0         0         0        -1         3.2e-19 
   0         0         0         0         0         0         0         0         0         0         0         0        -8.3e-35  -9.6e-35 

QLU
   1.2e+06   2.7e-09   2.1e-07  -0.036     1.2      -0.034    -1.1      -0.056     0.15     -0.002     0.01     -0.01      0         0       
   0.0033    1.2e+06   2.1e-05  -0.53      0.016     1.3      -0.0032    0.26     -1.1e-05  -0.0026   -0.01      0.01      0         0       
   0.023     2.3       1.1e+05   0.053    -0.007     0.28      0.011     0.095     0.0013   -0.0074   -0.0031    0.0031    0         0       
  -0.043    -0.64      0.063     1.2      -0.01      0.033     0.011     0.043     0.0013   -0.0069   -0.00098   0.00098   0         0       
   3.7       0.048    -0.021    -0.03      3        -0.019    -0.73     -0.038     0.053    -0.00015   0.0055   -0.0055    0         0       
  -0.061     2.3       0.51      0.059    -0.035     1.8       0.0053    0.12      0.0011   -0.0065   -0.0038    0.0038    0         0       
  -1.9      -0.0056    0.019     0.02     -1.3       0.0092    1.7       0.023     0.017    -0.00049  -0.0022    0.0022    0         0       
  -0.059     0.28      0.1       0.045    -0.04      0.13      0.024     1.1       0.0012   -0.0064   -0.0017    0.0017    0         0       
   0.15     -1.2e-05   0.0013    0.0013    0.056     0.0011    0.018     0.0012    1.1      -0.0012    0.0017   -0.0017    0         0       
  -0.002    -0.0026   -0.0075   -0.0069   -0.00015  -0.0066   -0.0005   -0.0064   -0.0013    1        -1.8e-18   8.1e-19   0         0       
   0.011    -0.011    -0.0031   -0.00099   0.0056   -0.0039   -0.0022   -0.0017    0.0018   -1.7e-18   1         0         0         0       
  -0.011     0.011     0.0031    0.00099  -0.0056    0.0039    0.0022    0.0017   -0.0018    9.1e-19   0         1         0         0       
   0         0         0         0         0         0         0         0         0         0         0         0         9.4       0.0012  
   0         0         0         0         0         0         0         0         0         0         0         0         2.3e-05   0.019   

CONTACT
  0:
     dim           3
     geoms         0 : 2
     exclude       0
     efc_address   11
     solref         0.02      1       
     solimp         0.9       0.95      0.001     0.5       2       
     dist          -2.8e-17 
     includemargin  0       
     pos           -0.78     -2.2      -1.4e-17 
     frame          0         0         1         0         1         0        -1         0         0       
     friction       1         1         0.005     0.0001    0.0001  
     mu             1       
  1:
     dim           3
     geoms         0 : 2
     exclude       0
     efc_address   15
     solref         0.02      1       
     solimp         0.9       0.95      0.001     0.5       2       
     dist          -2.8e-17 
     includemargin  0       
     pos           -0.78     -2.2      -1.4e-17 
     frame          0         0         1         0         1         0        -1         0         0       
     friction       1         1         0.005     0.0001    0.0001  
     mu             1       
  2:
     dim           3
     geoms         0 : 3
     exclude       0
     efc_address   19
     solref         0.02      1       
     solimp         0.9       0.95      0.001     0.5       2       
     dist          -2.8e-17 
     includemargin  0       
     pos           -0.78     -1.8      -1.4e-17 
     frame          0         0         1         0         1         0        -1         0         0       
     friction       1         1         0.005     0.0001    0.0001  
     mu             1       
  3:
     dim           3
     geoms         0 : 3
     exclude       0
     efc_address   23
     solref         0.02      1       
     solimp         0.9       0.95      0.001     0.5       2       
     dist          -2.8e-17 
     includemargin  0       
     pos           -0.78     -1.8      -1.4e-17 
     frame          0         0         1         0         1         0        -1         0         0       
     friction       1         1         0.005     0.0001    0.0001  
     mu             1       
  4:
     dim           3
     geoms         0 : 4
     exclude       0
     efc_address   27
     solref         0.02      1       
     solimp         0.9       0.95      0.001     0.5       2       
     dist          -2.8e-17 
     includemargin  0       
     pos           -1.2      -1.8      -1.4e-17 
     frame          0         0         1         0         1         0        -1         0         0       
     friction       1         1         0.005     0.0001    0.0001  
     mu             1       
  5:
     dim           3
     geoms         0 : 4
     exclude       0
     efc_address   31
     solref         0.02      1       
     solimp         0.9       0.95      0.001     0.5       2       
     dist          -2.8e-17 
     includemargin  0       
     pos           -1.2      -1.8      -1.4e-17 
     frame          0         0         1         0         1         0        -1         0         0       
     friction       1         1         0.005     0.0001    0.0001  
     mu             1       
  6:
     dim           3
     geoms         0 : 5
     exclude       0
     efc_address   35
     solref         0.02      1       
     solimp         0.9       0.95      0.001     0.5       2       
     dist          -2.8e-17 
     includemargin  0       
     pos           -1.2      -2.2      -1.4e-17 
     frame          0         0         1         0         1         0        -1         0         0       
     friction       1         1         0.005     0.0001    0.0001  
     mu             1       
  7:
     dim           3
     geoms         0 : 5
     exclude       0
     efc_address   39
     solref         0.02      1       
     solimp         0.9       0.95      0.001     0.5       2       
     dist          -2.8e-17 
     includemargin  0       
     pos           -1.2      -2.2      -1.4e-17 
     frame          0         0         1         0         1         0        -1         0         0       
     friction       1         1         0.005     0.0001    0.0001  
     mu             1       

EFC_TYPE
  0
  0
  0
  0
  0
  0
  0
  1
  3
  3
  3
  6
  6
  6
  6
  6
  6
  6
  6
  6
  6
  6
  6
  6
  6
  6
  6
  6
  6
  6
  6
  6
  6
  6
  6
  6
  6
  6
  6
  6
  6
  6
  6

EFC_ID
  0
  1
  1
  1
  1
  1
  1
  12
  8
  12
  13
  0
  0
  0
  0
  1
  1
  1
  1
  2
  2
  2
  2
  3
  3
  3
  3
  4
  4
  4
  4
  5
  5
  5
  5
  6
  6
  6
  6
  7
  7
  7
  7

EFC_J
   0         0         0         0         0         0         0         0         0         0         1        -1         0         0       
  -1         0        -1.3e-06  -1.8e-06  -0.59     -0.00016   0.28     -5.7e-05  -0.1       6.3e-17   0         0         0         0       
   0        -1        -0.29     -0.089     0.00029  -0.4      -0.00012  -0.13      3.5e-05  -5.6e-17   0         0         0         0       
   0         0         0         0         0.089     2.3e-05  -0.19      1.2e-05  -0.096     5e-18     0         0         0         0       
   0         0        -0.014    -0.014    -0.35      0.18      0.35     -0.17      0.35     -0.014     0         0         0         0       
   0         0        -0.014    -0.014     0.35      0.18     -0.35     -0.17     -0.35     -0.014     0         0         0         0       
   0         0         0.5       0.5       2.2e-05   0.43      9.7e-06   0.44      2.3e-05  -0.5       0         0         0         0       
   0         0         0         0         0         0         0         0         0         0         0         0         1         0       
   0         0         0         0         0         0         0         0         1         0         0         0         0         0       
   0         0         0         0         0         0         0         0         0         0         0         0         1         0       
   0         0         0         0         0         0         0         0         0         0         0         0         0         1       
   0         1         0.22      0         0         0         0         0         0         0         0         0         0         0       
   0        -1        -0.22      0         0         0         0         0         0         0         0         0         0         0       
  -1         0        -0.25      0         0         0         0         0         0         0         0         0         0         0       
   1         0         0.25      0         0         0         0         0         0         0         0         0         0         0       
   0         1         0.22      0         0         0         0         0         0         0         0         0         0         0       
   0        -1        -0.22      0         0         0         0         0         0         0         0         0         0         0       
  -1         0        -0.16      0         0         0         0         0         0         0         0         0         0         0       
   1         0         0.16      0         0         0         0         0         0         0         0         0         0         0       
   0         1         0.22      0         0         0         0         0         0         0         0         0         0         0       
   0        -1        -0.22      0         0         0         0         0         0         0         0         0         0         0       
  -1         0         0.16      0         0         0         0         0         0         0         0         0         0         0       
   1         0        -0.16      0         0         0         0         0         0         0         0         0         0         0       
   0         1         0.22      0         0         0         0         0         0         0         0         0         0         0       
   0        -1        -0.22      0         0         0         0         0         0         0         0         0         0         0       
  -1         0         0.25      0         0         0         0         0         0         0         0         0         0         0       
   1         0        -0.25      0         0         0         0         0         0         0         0         0         0         0       
   0         1        -0.22      0         0         0         0         0         0         0         0         0         0         0       
   0        -1         0.22      0         0         0         0         0         0         0         0         0         0         0       
  -1         0         0.16      0         0         0         0         0         0         0         0         0         0         0       
   1         0        -0.16      0         0         0         0         0         0         0         0         0         0         0       
   0         1        -0.22      0         0         0         0         0         0         0         0         0         0         0       
   0        -1         0.22      0         0         0         0         0         0         0         0         0         0         0       
  -1         0         0.25      0         0         0         0         0         0         0         0         0         0         0       
   1         0        -0.25      0         0         0         0         0         0         0         0         0         0         0       
   0         1        -0.22      0         0         0         0         0         0         0         0         0         0         0       
   0        -1         0.22      0         0         0         0         0         0         0         0         0         0         0       
  -1         0        -0.25      0         0         0         0         0         0         0         0         0         0         0       
   1         0         0.25      0         0         0         0         0         0         0         0         0         0         0       
   0         1        -0.22      0         0         0         0         0         0         0         0         0         0         0       
   0        -1         0.22      0         0         0         0         0         0         0         0         0         0         0       
  -1         0        -0.16      0         0         0         0         0         0         0         0         0         0         0       
   1         0         0.16      0         0         0         0         0         0         0         0         0         0         0       

EFC_POS
  -2.2e-08 
  -0.00056 
  -3.8e-09 
   0.0018  
   0.028   
  -0.028   
  -1.1e-07 
   0       
  -0.0084  
  -4.7e-24 
  -0.00075 
  -2.8e-17 
  -2.8e-17 
  -2.8e-17 
  -2.8e-17 
  -2.8e-17 
  -2.8e-17 
  -2.8e-17 
  -2.8e-17 
  -2.8e-17 
  -2.8e-17 
  -2.8e-17 
  -2.8e-17 
  -2.8e-17 
  -2.8e-17 
  -2.8e-17 
  -2.8e-17 
  -2.8e-17 
  -2.8e-17 
  -2.8e-17 
  -2.8e-17 
  -2.8e-17 
  -2.8e-17 
  -2.8e-17 
  -2.8e-17 
  -2.8e-17 
  -2.8e-17 
  -2.8e-17 
  -2.8e-17 
  -2.8e-17 
  -2.8e-17 
  -2.8e-17 
  -2.8e-17 

EFC_MARGIN
   0       
   0       
   0       
   0       
   0       
   0       
   0       
   0       
   0       
   0       
   0       
   0       
   0       
   0       
   0       
   0       
   0       
   0       
   0       
   0       
   0       
   0       
   0       
   0       
   0       
   0       
   0       
   0       
   0       
   0       
   0       
   0       
   0       
   0       
   0       
   0       
   0       
   0       
   0       
   0       
   0       
   0       
   0       

EFC_FRICTIONLOSS
   0       
   0       
   0       
   0       
   0       
   0       
   0       
   1       
   0       
   0       
   0       
   0       
   0       
   0       
   0       
   0       
   0       
   0       
   0       
   0       
   0       
   0       
   0       
   0       
   0       
   0       
   0       
   0       
   0       
   0       
   0       
   0       
   0       
   0       
   0       
   0       
   0       
   0       
   0       
   0       
   0       
   0       
   0       

EFC_DIAGAPPROX
   2       
   0.043   
   0.043   
   0.043   
   1.7     
   1.7     
   1.7     
   0.11    
   0.95    
   0.11    
   53      
   3.3e-06 
   3.3e-06 
   3.3e-06 
   3.3e-06 
   3.3e-06 
   3.3e-06 
   3.3e-06 
   3.3e-06 
   3.3e-06 
   3.3e-06 
   3.3e-06 
   3.3e-06 
   3.3e-06 
   3.3e-06 
   3.3e-06 
   3.3e-06 
   3.3e-06 
   3.3e-06 
   3.3e-06 
   3.3e-06 
   3.3e-06 
   3.3e-06 
   3.3e-06 
   3.3e-06 
   3.3e-06 
   3.3e-06 
   3.3e-06 
   3.3e-06 
   3.3e-06 
   3.3e-06 
   3.3e-06 
   3.3e-06 

EFC_KBIP
   4.1e+04   4e+02     0.95     -0.0035  
   2.8e+03   1.1e+02   0.95      0       
   2.8e+03   1.1e+02   0.95      0       
   2.8e+03   1.1e+02   0.95      0       
   2.8e+03   1.1e+02   0.95      0       
   2.8e+03   1.1e+02   0.95      0       
   2.8e+03   1.1e+02   0.95      0       
   0         1.1e+02   0.9       0       
   2.8e+03   1.1e+02   0.95      0       
   2.8e+03   1.1e+02   0.9      -9.4e-19 
   2.8e+03   1.1e+02   0.94     -50      
   2.8e+03   1.1e+02   0.9      -5.6e-12 
   2.8e+03   1.1e+02   0.9      -5.6e-12 
   2.8e+03   1.1e+02   0.9      -5.6e-12 
   2.8e+03   1.1e+02   0.9      -5.6e-12 
   2.8e+03   1.1e+02   0.9      -5.6e-12 
   2.8e+03   1.1e+02   0.9      -5.6e-12 
   2.8e+03   1.1e+02   0.9      -5.6e-12 
   2.8e+03   1.1e+02   0.9      -5.6e-12 
   2.8e+03   1.1e+02   0.9      -5.6e-12 
   2.8e+03   1.1e+02   0.9      -5.6e-12 
   2.8e+03   1.1e+02   0.9      -5.6e-12 
   2.8e+03   1.1e+02   0.9      -5.6e-12 
   2.8e+03   1.1e+02   0.9      -5.6e-12 
   2.8e+03   1.1e+02   0.9      -5.6e-12 
   2.8e+03   1.1e+02   0.9      -5.6e-12 
   2.8e+03   1.1e+02   0.9      -5.6e-12 
   2.8e+03   1.1e+02   0.9      -5.6e-12 
   2.8e+03   1.1e+02   0.9      -5.6e-12 
   2.8e+03   1.1e+02   0.9      -5.6e-12 
   2.8e+03   1.1e+02   0.9      -5.6e-12 
   2.8e+03   1.1e+02   0.9      -5.6e-12 
   2.8e+03   1.1e+02   0.9      -5.6e-12 
   2.8e+03   1.1e+02   0.9      -5.6e-12 
   2.8e+03   1.1e+02   0.9      -5.6e-12 
   2.8e+03   1.1e+02   0.9      -5.6e-12 
   2.8e+03   1.1e+02   0.9      -5.6e-12 
   2.8e+03   1.1e+02   0.9      -5.6e-12 
   2.8e+03   1.1e+02   0.9      -5.6e-12 
   2.8e+03   1.1e+02   0.9      -5.6e-12 
   2.8e+03   1.1e+02   0.9      -5.6e-12 
   2.8e+03   1.1e+02   0.9      -5.6e-12 
   2.8e+03   1.1e+02   0.9      -5.6e-12 

EFC_D
   9.6     
   4.5e+02 
   4.5e+02 
   4.5e+02 
   11      
   11      
   11      
   85      
   20      
   85      
   0.31    
   2.7e+06 
   2.7e+06 
   2.7e+06 
   2.7e+06 
   2.7e+06 
   2.7e+06 
   2.7e+06 
   2.7e+06 
   2.7e+06 
   2.7e+06 
   2.7e+06 
   2.7e+06 
   2.7e+06 
   2.7e+06 
   2.7e+06 
   2.7e+06 
   2.7e+06 
   2.7e+06 
   2.7e+06 
   2.7e+06 
   2.7e+06 
   2.7e+06 
   2.7e+06 
   2.7e+06 
   2.7e+06 
   2.7e+06 
   2.7e+06 
   2.7e+06 
   2.7e+06 
   2.7e+06 
   2.7e+06 
   2.7e+06 

EFC_R
   0.1     
   0.0022  
   0.0022  
   0.0022  
   0.09    
   0.09    
   0.09    
   0.012   
   0.05    
   0.012   
   3.2     
   3.7e-07 
   3.7e-07 
   3.7e-07 
   3.7e-07 
   3.7e-07 
   3.7e-07 
   3.7e-07 
   3.7e-07 
   3.7e-07 
   3.7e-07 
   3.7e-07 
   3.7e-07 
   3.7e-07 
   3.7e-07 
   3.7e-07 
   3.7e-07 
   3.7e-07 
   3.7e-07 
   3.7e-07 
   3.7e-07 
   3.7e-07 
   3.7e-07 
   3.7e-07 
   3.7e-07 
   3.7e-07 
   3.7e-07 
   3.7e-07 
   3.7e-07 
   3.7e-07 
   3.7e-07 
   3.7e-07 
   3.7e-07 

TEN_VELOCITY
   5.4e-15 

ACTUATOR_VELOCITY
  -2.9e-07 
  -2e-12   
  -2.5e-12 
  -2.3e-09 
   6.2e-07 
   6.6e-10 
   3e-07   
   6.9e-10 
   3.3e-08 
  -1.1e-09 
   5.4e-15 

CVEL
   0         0         0         0         0         0       
   0         0         0         0         0         0       
   0         0        -2.5e-12  -2.9e-07  -2e-12     0       
   0         0        -2.5e-12  -2.9e-07  -2e-12     0       
   0         0        -2.5e-12  -2.9e-07  -2e-12     0       
   0         0        -2.5e-12  -2.9e-07  -2e-12     0       
   0         0        -2.5e-12  -2.9e-07  -2e-12     0       
   0         0        -2.5e-12  -2.9e-07  -2e-12     0       
   0         0        -2.3e-09  -2.9e-07   4.6e-10   0       
   3e-10     6.2e-07  -2.3e-09  -7.3e-07   6.8e-10   1.2e-07 
  -5.7e-11   6.2e-07  -1.8e-09  -7.3e-07   3.1e-10   1.2e-07 
  -1.7e-10   3.2e-07  -1.7e-09  -4.2e-07   1.9e-10   9.4e-08 
   1.3e-10   3.2e-07  -1.1e-09  -4.2e-07   5e-10     9.4e-08 
   1.2e-10   2.9e-07  -1.1e-09  -3.8e-07   4.8e-10   8.8e-08 
   3.3e-11   2.9e-07  -1.8e-11  -3.8e-07   4.8e-11   8.8e-08 
   3.3e-11   2.9e-07  -1.8e-11  -3.8e-07   4.8e-11   8.8e-08 
   3.3e-11   2.9e-07  -1.8e-11  -3.8e-07   4.8e-11   8.8e-08 
   3.3e-11   2.9e-07  -1.8e-11  -3.8e-07   4.8e-11   8.8e-08 
   0         0         0         0         0         0       
   0         0         0         0         0         0       
   0         0         0         0         0         0       
   0         0         2.6e-37  -1.7e-37   2.9e-38   0       
   0         0         2.6e-37  -1.7e-37   2.9e-38   0       
   0         0         2.6e-37  -1.7e-37   2.9e-38   0       
   1.2e-17   9.8e-21   2.6e-37  -1.6e-21   2.1e-18  -8.4e-19 
   1.2e-17   9.8e-21   2.6e-37  -1.6e-21   2.1e-18  -8.4e-19 
   0         0         0         0         0         0       
   0         0         0         0         0         0       
   0         0         0         0         0         0       
   0         0         0         0         0         0       

CDOF_DOT
   0         0         0         0         0         0       
   0         0         0         0         0         0       
   0         0         0        -2e-12     2.9e-07   0       
   0        -0         0        -2.4e-12   2.9e-07   0       
   2.3e-09  -1.1e-12   0         8.2e-13   1.7e-09  -2.9e-07 
   5.2e-07   1e-09     3.4e-07  -7.2e-10   5.4e-07   1.2e-10 
  -1.7e-09   6.9e-13   3e-10     6.3e-08  -1.8e-09   9.6e-08 
   2.9e-07  -6.1e-10  -1.4e-07   9.5e-10   4.2e-07  -1.8e-10 
  -1.1e-09   4.8e-13   5.8e-12   3.3e-08  -1.5e-09  -2.6e-08 
  -2.8e-07   3.1e-11  -2.3e-08  -4.1e-11  -3.7e-07   9e-12   
   0        -0         0         1.6e-08  -1.4e-11  -2e-07   
   0        -0         0        -1.6e-08   1.4e-11   2e-07   
   0         0         0         0         0         0       
  -2e-40     2.6e-37   0        -4.3e-38  -3.4e-41  -2.9e-38 

QFRC_BIAS
   4e-13   
  -1.3e-14 
  -9.9e-15 
  -7.4e-15 
   5.6     
  -0.5     
   6.1     
   0.28    
   2.4     
  -0.0016  
   0.0082  
  -0.0082  
  -2e-36   
   0.62    

QFRC_SPRING
   0       
   0       
   0       
   0       
   0       
   0       
   0       
   0       
   0       
   0       
   0       
   0       
   4.7e-24 
   0       

QFRC_DAMPER
   2.9e-07 
   2e-12   
   2.5e-12 
   2.3e-09 
  -6.2e-07 
  -6.6e-10 
  -3e-07   
  -6.9e-10 
  -3.3e-08 
   1.1e-09 
  -1.4e-14 
   1e-14   
  -2.6e-37 
   0       

QFRC_GRAVCOMP
   0       
   0       
   0       
   0       
   0       
   0       
   0       
   0       
   0       
   0       
   0       
   0       
   0       
   0       

QFRC_FLUID
   0       
   0       
   0       
   0       
   0       
   0       
   0       
   0       
   0       
   0       
   0       
   0       
   0       
   0       

QFRC_PASSIVE
   2.9e-07 
   2e-12   
   2.5e-12 
   2.3e-09 
  -6.2e-07 
  -6.6e-10 
  -3e-07   
  -6.9e-10 
  -3.3e-08 
   1.1e-09 
  -1.4e-14 
   1e-14   
   4.7e-24 
   0       

EFC_VEL
   7.9e-14 
   3e-09   
  -2.8e-13 
  -5.5e-09 
  -1e-07   
   1e-07   
  -3.2e-13 
   2.6e-37 
   3.3e-08 
   2.6e-37 
   1.2e-17 
  -2.5e-12 
   2.5e-12 
   2.9e-07 
  -2.9e-07 
  -2.5e-12 
   2.5e-12 
   2.9e-07 
  -2.9e-07 
  -2.5e-12 
   2.5e-12 
   2.9e-07 
  -2.9e-07 
  -2.5e-12 
   2.5e-12 
   2.9e-07 
  -2.9e-07 
  -1.4e-12 
   1.4e-12 
   2.9e-07 
  -2.9e-07 
  -1.4e-12 
   1.4e-12 
   2.9e-07 
  -2.9e-07 
  -1.4e-12 
   1.4e-12 
   2.9e-07 
  -2.9e-07 
  -1.4e-12 
   1.4e-12 
   2.9e-07 
  -2.9e-07 

EFC_AREF
   0.00085 
   1.5     
   9.9e-06 
  -4.7     
  -73      
   73      
   0.00028 
  -2.7e-35 
   22      
   1.2e-20 
   2       
   2.6e-10 
  -2.6e-10 
  -3e-05   
   3e-05   
   2.6e-10 
  -2.6e-10 
  -3e-05   
   3e-05   
   2.6e-10 
  -2.6e-10 
  -3e-05   
   3e-05   
   2.6e-10 
  -2.6e-10 
  -3e-05   
   3e-05   
   1.5e-10 
  -1.5e-10 
  -3e-05   
   3e-05   
   1.5e-10 
  -1.5e-10 
  -3e-05   
   3e-05   
   1.5e-10 
  -1.5e-10 
  -3e-05   
   3e-05   
   1.5e-10 
  -1.5e-10 
  -3e-05   
   3e-05   

SUBTREE_LINVEL
   0         0         0       
   0         0         0       
   0         0         0       
   0         0         0       
   0         0         0       
   0         0         0       
   0         0         0       
   0         0         0       
   0         0         0       
   0         0         0       
   0         0         0       
   0         0         0       
   0         0         0       
   0         0         0       
   0         0         0       
   0         0         0       
   0         0         0       
   0         0         0       
   0         0         0       
   0         0         0       
   0         0         0       
   0         0         0       
   0         0         0       
   0         0         0       
   0         0         0       
   0         0         0       
   0         0         0       
   0         0         0       
   0         0         0       
   0         0         0       

SUBTREE_ANGMOM
   0         0         0       
   0         0         0       
   0         0         0       
   0         0         0       
   0         0         0       
   0         0         0       
   0         0         0       
   0         0         0       
   0         0         0       
   0         0         0       
   0         0         0       
   0         0         0       
   0         0         0       
   0         0         0       
   0         0         0       
   0         0         0       
   0         0         0       
   0         0         0       
   0         0         0       
   0         0         0       
   0         0         0       
   0         0         0       
   0         0         0       
   0         0         0       
   0         0         0       
   0         0         0       
   0         0         0       
   0         0         0       
   0         0         0       
   0         0         0       

ACTUATOR_FORCE
   0.0057  
   3.9e-08 
   5e-08   
   0       
   0       
   0       
   0       
   0       
   0       
   0       
   0       

QFRC_ACTUATOR
   0.0057  
   3.9e-08 
   5e-08   
   0       
   0       
   0       
   0       
   0       
   0       
   0       
   0       
   0       
   0       
   0       

QFRC_SMOOTH
   0.0057  
   3.9e-08 
   5e-08   
   2.3e-09 
  -5.6     
   0.5     
  -6.1     
  -0.28    
  -2.4     
   0.0016  
  -0.0082  
   0.0082  
   4.7e-24 
  -0.62    

QACC_SMOOTH
   5e-06   
  -4.4e-07 
  -1.2e-06 
  -0.03    
  -3.3     
   0.25    
  -5.9     
  -0.28    
  -2       
  -0.0048  
   0.0012  
  -0.0012  
   8e-05   
  -33      

EFC_B
   0.0016  
  -0.97    
  -0.061   
   5.7     
   72      
  -72      
  -0.029   
   8e-05   
  -24      
   8e-05   
  -35      
  -7.1e-07 
   7.1e-07 
   2.6e-05 
  -2.6e-05 
  -7.1e-07 
   7.1e-07 
   2.5e-05 
  -2.5e-05 
  -7.1e-07 
   7.1e-07 
   2.5e-05 
  -2.5e-05 
  -7.1e-07 
   7.1e-07 
   2.5e-05 
  -2.5e-05 
  -1.6e-07 
   1.6e-07 
   2.5e-05 
  -2.5e-05 
  -1.6e-07 
   1.6e-07 
   2.5e-05 
  -2.5e-05 
  -1.6e-07 
   1.6e-07 
   2.6e-05 
  -2.6e-05 
  -1.6e-07 
   1.6e-07 
   2.5e-05 
  -2.5e-05 

EFC_FORCE
   0.0082  
   6.5e+02 
   0.0044  
  -2.1e+03 
  -8.2e+02 
   8.1e+02 
   0.0031  
  -5e-19   
   4.4e+02 
   5e-19   
   0.62    
   0.00071 
   0       
   0       
   82      
   0.00071 
   0       
   0       
   82      
   0.00071 
   0       
   0       
   82      
   0.00071 
   0       
   0       
   82      
   0.0004  
   0       
   0       
   82      
   0.0004  
   0       
   0       
   82      
   0.0004  
   0       
   0       
   82      
   0.0004  
   0       
   0       
   82      

EFC_STATE
  1
  1
  1
  1
  1
  1
  1
  1
  1
  1
  1
  1
  0
  0
  1
  1
  0
  0
  1
  1
  0
  0
  1
  1
  0
  0
  1
  1
  0
  0
  1
  1
  0
  0
  1
  1
  0
  0
  1
  1
  0
  0
  1

QFRC_CONSTRAINT
  -0.0057  
  -3.9e-08 
  -5e-08   
  -3.1e-09 
   5.6     
  -0.5     
   6.1     
   0.28    
   2.4     
  -0.0016  
   0.0082  
  -0.0082  
  -4.7e-24 
   0.62    

QFRC_INVERSE
   0       
   0       
   0       
   0       
   0       
   0       
   0       
   0       
   0       
   0       
   0       
   0       
   0       
   0       

CACC
   0         0         0         0         0         0       
   0         0         0         0         0         0       
   0         0         0         0         0         0       
   0         0         0         0         0         0       
   0         0         0         0         0         0       
   0         0         0         0         0         0       
   0         0         0         0         0         0       
   0         0         0         0         0         0       
   0         0         0         0         0         0       
   0         0         0         0         0         0       
   0         0         0         0         0         0       
   0         0         0         0         0         0       
   0         0         0         0         0         0       
   0         0         0         0         0         0       
   0         0         0         0         0         0       
   0         0         0         0         0         0       
   0         0         0         0         0         0       
   0         0         0         0         0         0       
   0         0         0         0         0         0       
   0         0         0         0         0         0       
   0         0         0         0         0         0       
   0         0         0         0         0         0       
   0         0         0         0         0         0       
   0         0         0         0         0         0       
   0         0         0         0         0         0       
   0         0         0         0         0         0       
   0         0         0         0         0         0       
   0         0         0         0         0         0       
   0         0         0         0         0         0       
   0         0         0         0         0         0       

CFRC_INT
   0         0         0         0         0         0       
   0         0         0         0         0         0       
   0         0         0         0         0         0       
   0         0         0         0         0         0       
   0         0         0         0         0         0       
   0         0         0         0         0         0       
   0         0         0         0         0         0       
   0         0         0         0         0         0       
   0         0         0         0         0         0       
   0         0         0         0         0         0       
   0         0         0         0         0         0       
   0         0         0         0         0         0       
   0         0         0         0         0         0       
   0         0         0         0         0         0       
   0         0         0         0         0         0       
   0         0         0         0         0         0       
   0         0         0         0         0         0       
   0         0         0         0         0         0       
   0         0         0         0         0         0       
   0         0         0         0         0         0       
   0         0         0         0         0         0       
   0         0         0         0         0         0       
   0         0         0         0         0         0       
   0         0         0         0         0         0       
   0         0         0         0         0         0       
   0         0         0         0         0         0       
   0         0         0         0         0         0       
   0         0         0         0         0         0       
   0         0         0         0         0         0       
   0         0         0         0         0         0       

CFRC_EXT
   0         0         0         0         0         0       
   0         0         0         0         0         0       
   0         0         0         0         0         0       
   0         0         0         0         0         0       
   0         0         0         0         0         0       
   0         0         0         0         0         0       
   0         0         0         0         0         0       
   0         0         0         0         0         0       
   0         0         0         0         0         0       
   0         0         0         0         0         0       
   0         0         0         0         0         0       
   0         0         0         0         0         0       
   0         0         0         0         0         0       
   0         0         0         0         0         0       
   0         0         0         0         0         0       
   0         0         0         0         0         0       
   0         0         0         0         0         0       
   0         0         0         0         0         0       
   0         0         0         0         0         0       
   0         0         0         0         0         0       
   0         0         0         0         0         0       
   0         0         0         0         0         0       
   0         0         0         0         0         0       
   0         0         0         0         0         0       
   0         0         0         0         0         0       
   0         0         0         0         0         0       
   0         0         0         0         0         0       
   0         0         0         0         0         0       
   0         0         0         0         0         0       
   0         0         0         0         0         0       

TENDON_EFCADR         -1

